13013126165
13030616895
13030638568
13034053260
13063362659
13063409973
13083072771
13085053509
13145545671
13155119784
13155690376
13156570767
13156749873
13167714941
13195420525
13215670720
13225768767
13275585750
13275884886
15505517242
15551363683
15551632322
15555020282
15555137267
15555830688
15556188317
15556783711
15556788088
15655168240
15655258673
15655331587
15655703330
15655757567
15656057905
15656156780
15656628919
15656717462
15665567044
15675561213
15695607282
17505513895
17605674472
17681180557
17681312252
17681327736
18505652181
18505672235
18555132482
18555332630
18556507750
18556557351
18556557851
18605501210
18605550424
18654146460
18655034951
18655105709
18655208327
18655306291
18655426762
18655489345
18655604996
18655717578
18655759802
18655763313
18655887491
18655969998
18656027627
18656032541
18656080609
18656299532
18656303090
18656580244
18656688058
18656880074
18656905001
13001124261
13001221656
13011007265
13021204260
13021227289
13051193907
13051197706
13120115413
13120246455
13121028008
13121737939
13126506988
13126727512
13126734384
13126878989
13141021616
13141371411
13141444393
13146288002
13146848772
13167315399
13241271108
13241774138
13241909793
13260220616
15600693839
15601031070
15601191591
15611072700
15624957685
15652181928
15652371099
15652600276
15652659175
17600063253
17600185817
17600330242
17600819936
17601636098
18500443548
18500507443
18500632346
18501351891
18501956198
18510356306
18510683092
18511211139
18511726550
18511975101
18513131242
18515228968
18515900900
18518217713
18518694280
18600502590
18600657600
18601037985
18601120228
18601171939
18601270453
18610206795
18610359925
18610568627
18610767277
18610919179
18611265982
18611316091
18611330643
18611352128
18611796866
18611933612
18612225309
18612290761
18612598622
18613822523
18614030695
18614063048
13003824668
13015722155
13055586319
13055679989
13055732121
13055772260
13062206805
13062429119
13063182935
13075887957
13105081929
13107885797
13159061258
13159191112
13163870478
13163911966
13225080595
13225978213
13225990713
13235920997
13255077148
13290939589
15505933356
15506915264
15506977573
15559049948
15559566966
15659336313
15659583426
17506990115
17605051455
17605060560
17605993670
17605999123
17606039881
18506914407
18558977730
18559202165
18559325187
18596768781
18605082008
18605913919
18650072183
18650388256
18659266103
18695707676
17693129868
13059592212
13076824384
13085888006
13112506437
13118688901
13143168281
13143183431
13143517893
13160976987
13169248115
13169574810
13192202130
13202056751
13202775426
13246318308
13268460411
13288339906
15521019234
15521263146
15521737217
15622104962
15625293192
15625296373
15626199729
15626728811
17503081619
17507555106
17602065522
17603019442
17620000991
17620083467
17620151367
17620323700
17620534893
17688308524
18507588316
18575560806
18588906943
18589021086
18603051773
18620057946
18620171952
18664088966
18664911879
18666375331
18666528198
18666869977
18675417530
18676418096
18676447498
18681067451
18688812085
13123568494
13211576215
15507896298
15677977340
15678092598
15678409551
15678659918
17677127261
17677144044
17687220112
18507717061
18577037125
18577111368
18577165886
18577339964
18577973314
18578951559
18587730422
18587767501
18589830386
18589886175
18677238080
18677601799
13007836806
13078543103
15508518308
15519563867
15519602109
15519614192
15599135858
15608530078
18685492551
13208964269
15607673543
18608936979
13011494609
13020801059
13020850959
13021876949
13028692178
13032671259
13091301085
13102455345
13102618579
13102824232
13103225021
13131604525
13131699033
13143631221
13165528923
13171660309
13171753876
13171967895
13172157959
13180055303
13191915408
13191996019
13223448667
13230125481
13230388971
13230877218
13231910160
13231925210
13247430006
13273137806
13273685708
13283330380
13292076188
13292519656
13292567297
13292624120
13292850523
13293415253
13294029728
13294057674
15503029187
15511013578
15511055570
15511068068
15511279557
15511614538
15511627091
15512231381
15512262707
15512274640
15512341497
15512690203
15512865212
15512887050
15530042981
15530083006
15530194651
15530206720
15531331666
15531359113
15531757043
15531828902
15532125239
15532172501
15533898782
15612093288
15612701865
15612790600
15614201561
15614233552
15630100157
15630228203
15630401310
15630716106
15630754955
15630853222
15630875752
15630975122
15631187872
15631985509
15632124796
15632763104
15632961552
15632984286
15633041987
15633586038
15633637438
15633816731
15690013915
17503191264
17603239565
17603256076
17603325240
17603381476
17631097913
17631555961
17631744213
17631976035
17633055409
17633077948
17633101662
17633291842
17633336827
17692615796
18503195020
18531247216
18531605212
18533331132
18603299241
18603369693
18603378785
18630004635
18630191296
18630196966
18630507989
18630579476
18630650169
18631029106
18631209278
18631261908
18631316062
18631971727
18632882792
18632901990
18632902349
18633061027
18633450305
18633836847
13015506593
13027500200
13027561357
13027750230
13027792685
13033922008
13033991790
13044742290
13044773089
13069335207
13069423345
13071080705
13073745720
13080132067
13080190375
13083630218
13083696707
13083757761
13083891166
13101780586
13137275380
13137726330
13137760717
13137793884
13140007689
13140010410
13140066672
13140109126
13140448306
13148000112
13183018558
13183131431
13183317507
13203922105
13213543555
13213912946
13213957607
13213995263
13243011870
13243169290
13243183667
13253593917
13253727706
13253893744
13271017115
13271359003
13271618407
13271628527
13273026609
13273049762
13273091587
13273821956
13273892059
13283742629
13283797191
13283822809
13290757668
13298176058
13298378388
13298447780
15514367366
15515019355
15515337711
15515455455
15515509734
15515522331
15515558517
15515610706
15515821251
15515831219
15515976961
15516325003
15516389920
15516537989
15516730928
15516826880
15517069164
15517079060
15517430111
15517482912
15517534278
15517724786
15517891553
15517967215
15518308126
15518318365
15518408988
15518742517
15518775296
15518805750
15518823332
15518957923
15537105921
15537287598
15537797305
15537936351
15538129512
15538206360
15538270683
15538352198
15538357037
15538757106
15538771217
15538859375
15539265384
15539378181
15560038910
15560152186
15560286992
15560299095
15565070250
15565429665
15565505091
15565515358
15565534172
15565661080
15565753035
15603730244
15603953369
15617015796
15617364866
15617440988
15617546220
15617654118
15617681315
15617692431
15617810022
15617812606
15617896906
15617898807
15637177779
15637224094
15637846992
15638097466
15638223232
15638322242
15638611618
15638871614
15639107633
15639108436
15639131310
15639138537
15639363832
15639523201
15639635611
15639639057
15639646364
15639809815
15639931297
15649992506
15660085090
15660916803
15660949700
15660973620
15664012170
15664066160
15664379553
15670641214
15670668631
15670833418
15688125272
15690761201
15690783088
17603856853
17603983506
17630039730
17630055851
17630771829
17630930313
17630947509
17633725439
17633727994
17633835367
17633933423
17634386951
17634395845
17634604391
17634814050
17638143458
17638187030
17638384772
17638387060
17638406971
17638839579
17639315166
17639500535
17639797480
17698738972
17698780361
17698782846
17698839508
17698906913
17698921052
18503700801
18503889367
18503968685
18530026108
18530294129
18530857767
18530886812
18537110722
18537178547
18537438846
18538121685
18538173785
18538202663
18538632343
18538682984
18539107705
18539418323
18539443403
18539467785
18539729192
18539767296
18539859044
18567262258
18567760061
18568211839
18568409935
18568640896
18569809851
18595300109
18595476335
18595522156
18595606228
18595740483
18603872343
18603885045
18603894759
18613778698
18625359716
18625612886
18625662805
18625778082
18625829915
18625839344
18625893412
18625900908
18637137051
18637163689
18637408259
18637741599
18638068299
18638832861
18639499838
18639525837
18639607327
18639647959
18639798255
18639817029
18639855545
18639869999
18639886817
18639896666
18697349725
18697766478
13009858830
13030048989
13045142725
13054200650
13100950151
13125936030
13163437797
13163666585
13224508357
13234919232
15545575627
15546477368
15603619358
15663492787
17604556796
18545307786
18604560329
18604592352
18645100570
18645462789
18697030105
13006363614
13007164657
13016432053
13035311314
13080644638
13098812096
13117157525
13217289550
13235458093
13235550909
13247117677
13260686545
13297999016
15507166360
15527005958
15527793301
15572241721
15572617260
15572991501
15586178139
15587880713
15608663311
15623804415
15629863202
15671002500
15671187988
15671713060
15672495248
15697110317
17507134848
17607114838
17607179157
17607196445
17671047565
17671062005
17671125527
17671154091
17671662217
17683747921
17683758096
17683811389
17683856889
17683941197
18571346441
18571630805
18571635701
18571706656
18572753499
18602738573
18608646121
18627049135
18627104272
18627159861
18627233200
18627256184
18627735131
18627865839
18671103727
18671147124
18671438346
18671550024
18671583638
18671709127
18671733493
18671804045
18672282821
18672488852
18672527803
18672785657
18672879742
18672906073
18672955500
18674105677
18674190588
18694042316
18696068277
18696165506
13007432373
13017167237
13027314648
13027371560
13055167529
13077199589
13080525144
13087227613
13107005097
13142324253
13142337399
13167419721
13170367033
13203107710
13203217507
13203260612
13204905126
13217468464
13237355844
13257446893
13257468756
13257488503
13272309851
13272402679
13272449251
13297339097
13298689608
15526419882
15570863944
15570867922
15573154904
15573328183
15573442523
15573711511
15573734551
15573736015
15573821219
15575327498
15575515497
15575518093
15575557550
15575596699
15575892654
15575939366
15576131973
15576306797
15576714128
15576747928
15576852058
15580307830
15580335758
15580705770
15580815533
15580977853
15581237150
15581411019
15581546205
15581668028
15581674327
15608410610
15616076368
15616078066
15616135626
15616160646
15616217984
15616223855
15616268984
15616977306
15673050587
15673192321
15673213135
15673607703
15673803996
15674125608
15674741538
15674982967
15688226983
15697405268
17508448400
17607438572
17673055621
17673249624
17673262563
17674044967
17674045477
17674055951
17674135199
17674627626
18507318917
18508411034
18508441644
18508448610
18508496383
18508496743
18569059126
18569366831
18569649874
18570335987
18573729185
18574307571
18607338063
18608411135
18613911649
18613999352
18627479289
18670063550
18670504023
18670738270
18670824927
18673026281
18673182203
18673377076
18673793921
18673875507
18674432336
18674654201
18674867250
18684623348
18684640070
18684815046
18684883160
18684911202
18692008910
18692020065
18692088999
18692279040
18692388949
18692769029
18692985858
13029107711
13125858817
13214341101
13274319587
13274471752
13294497070
15500007804
15543755415
15567642100
15584260030
15699573282
17614425242
18543146619
18604334223
18643412106
18643746668
18686374668
18686555818
18686585835
13056052970
13222532105
15501326770
17502563337
17625409199
17625511925
18550501284
18552456118
18651436696
18652439912
18652952117
18662126769
18662213524
13155802196
17607938674
13002466772
13043827519
13050243676
13050539087
13050923560
13074157230
13081335289
13109870655
13166609100
13238807792
15524557020
15541231150
15541366411
15541549802
15542699381
15542970966
15566046608
15566135518
15566184808
15604015906
15604109911
15604257445
15609823337
15640564383
15641243118
15641665356
15668976356
17612442476
17612451884
17615197212
17640292343
17640460679
17640584592
18602433985
18604104822
18604938368
18604949711
18624444985
18640074621
18640187449
18640299958
18640367827
18640498685
18640607542
18640613850
18641176222
18641348386
18642011831
18642314143
18642402322
18642628805
13214973454
15598942888
15648008382
15661070310
17504841311
18648654765
18686103276
17609529852
13139148739
13195777698
13299760748
13299852274
15500787051
15597154188
17697018130
18597102348
18697260430
13001567282
13011774442
13012455936
13021579420
13026560205
13053690919
13061338202
13061598309
13070665026
13082602287
13145419848
13153380228
13153408488
13153841514
13153943740
13156993060
13156997869
13176067712
13176526962
13176733952
13181212683
13181942696
13184051438
13188853961
13210366796
13210553404
13220763701
13220796653
13255529671
13255563696
13255607374
13256013717
13256387958
13256396866
13256489915
13256861629
13256864880
13256975414
13258985377
13276321234
13280817287
13287036929
13290206777
13290212887
13290352483
13296471515
15505318945
15505323829
15506565673
15550212452
15550318084
15550822037
15550963557
15550979358
15552863937
15553230633
15553281746
15553340153
15553805928
15554866893
15562417262
15562504392
15562580661
15562655569
15562999500
15563104354
15563306173
15563323279
15563928936
15564283857
15564563045
15564608368
15564826461
15588902309
15589471798
15589765179
15589875175
15605362580
15605399093
15610687978
15610708540
15615372565
15615676917
15615774671
15621208889
15621446777
15624039558
15624097661
15624151314
15628851190
15650088074
15653032066
15653101412
15653613057
15653839501
15664591123
15665753493
15666071299
15666168250
15666511370
15666656789
15666747095
15666819015
15666939995
15668289988
15668290876
15684172906
15688531386
15688708821
15688806816
15689036910
15689299173
15689768362
15689777456
15689855906
17553013686
17560306345
17606436008
17615211629
17615400259
17615846734
17660507527
17660903419
17660972569
17664142403
17664143493
17686624976
18553567606
18553941723
18554615015
18560648190
18561154501
18561316026
18561353150
18561409860
18562324898
18562799012
18562823626
18562823923
18562853361
18563408515
18563975586
18605343780
18605407515
18615050172
18615238757
18615581252
18615581469
18615629706
18653224725
18653244293
18653511750
18654657882
18654897050
18660958382
18661560374
18663421089
18663446190
18668938315
18668988224
18669588120
18669816465
18669858986
18669986697
18678046263
18678115614
18678577930
18678785919
15513491252
15534332099
15536646883
17635269210
18635038233
18635798851
18636328210
18636469472
18636549282
18636656618
18649518722
13022972909
13109628058
13227799658
13279579101
13289104323
15529676191
15592308752
17609268963
17691130772
18509118105
18628506910
18629244542
18629453268
18629589058
18691234253
18691549152
13002143904
13162195620
13166030776
13166326615
15502113259
15601928067
15618274449
15618990838
17602180770
17612158495
17612199301
18502155572
18616516776
18616598243
13028122265
13032864333
13037783605
13038152200
13056540981
13086349207
13086679570
13088306868
13111857607
13118272819
13183511198
13183921992
13198111792
13198550626
13219536229
13219907918
13258181273
13281201330
13281282026
13281381651
13281703705
13281807366
15508056676
15508242028
15520273223
15520533057
15520602318
15520704231
15528272013
15583117219
15583782537
15583798633
15608228326
15680756312
15681067692
15681531873
15681957885
17508236358
17602884140
17608002156
17608064728
17608071429
17608131366
17608139697
17608277899
17612808279
17628156918
17628182264
17628261039
17628278102
17628329004
17628418615
18502806329
18502864143
18508243187
18508261470
18508268363
18508390093
18581704652
18581815438
18581830274
18581865960
18581906476
18581925127
18582058326
18582138098
18582510387
18582623434
18582908810
18583065091
18583155386
18583495197
18583671952
18602890524
18608137350
18613226862
18615740947
18628036855
18628137901
18628182180
18628237572
18628387712
18628990019
18681330011
18681343903
18681624047
18681630686
18682801089
18683143825
18683254191
18683361673
18683796595
18683830304
18683888473
18683914571
18683925687
18684003139
18684018505
13042210536
13102230197
15522631526
15620550031
17602273623
18522375538
18622322638
18630897477
13009658319
13109026725
13179831396
13289984702
15509982786
18599340689
18690219446
18699977861
13187814726
13211605686
17587003058
17587070507
17606903671
17608780881
17608840071
17687052359
17687136550
17687170771
18587212104
18587354292
18587358643
18593177217
18669006779
18687779520
13003764424
13008974499
13017766025
13017836583
13018839106
13018849820
13018852693
13018952536
13020929988
13020995465
13022683080
13023624513
13023663800
13028979292
13033626263
13033627998
13033642788
13049934474
13056788667
13058656581
13058759188
13058791367
13058796668
13058815839
13058823055
13058847323
13058885536
13059610218
13059811098
13064568882
13065693482
13065801663
13067717558
13067958535
13071954808
13073612887
13073677510
13073859960
13073865917
13073882709
13075758088
13081950601
13082812536
13082903236
13082996008
13085686565
13088627355
13088636088
13095660208
13095791283
13095989187
13095996849
13105558035
13105830163
13106125082
13106250602
13115723968
13116853283
13136553300
13142705145
13157356592
13157514919
13157525138
13157587799
13157589668
13157675308
13157777920
13173693699
13173727222
13173733779
13175101878
13175485851
13175489222
13175855628
13175858358
13175858515
13175860667
13175883535
13175917008
13185678127
13185919342
13186777686
13186808683
13186899698
13205755228
13216076735
13216111266
13216860200
13216935350
13221175101
13221377077
13221586568
13221663710
13221666615
13221695393
13221767019
13221976119
13235750316
13235790588
13235795756
13245606940
13252288539
13255895200
13282857578
13282866872
13291670385
15557304375
15557321503
15557607576
15557620801
15557630076
15557969107
15558328867
15558405191
15558820755
15605821755
15605856208
15606587878
15606597668
15606621061
15606737192
15606842500
15657229055
15657281138
15657395208
15657475395
15657475452
15657475583
15657475607
15657475664
15657475936
15657475947
15657476081
15657476375
15657476645
15657476795
15657476908
15657477107
15657477256
15657477408
15657477729
15657555218
15657572189
15657572263
15657572580
15657573163
15657576131
15657675017
15657677852
15657852363
15658019521
15658259087
15658869686
15669023315
15669060000
15669130535
15669870023
15695803719
17505753881
17557283519
17605876829
17606510139
17681523647
17681556869
17681743213
17681778115
17681915549
17681961365
17681968098
17682303779
17682308208
17682308366
17682314946
17682316631
17682395846
17682408395
17682441319
18506706583
18557944431
18605743971
18605755047
18605846031
18606626812
18606638955
18606702925
18606756282
18606820635
18606833165
18626872116
18657114226
18657226052
18657229330
18657276977
18657306263
18657439968
18657450350
18657500612
18657566896
18657599596
18657600358
18657600594
18657630010
18657715556
18657750005
18657857422
18658219715
18658306188
18658326309
18658482951
18658507743
18658512958
18658515729
18658558890
18658585339
18658585807
18658609800
18658660033
18658681721
18658717938
18658866164
18667025266
18667138660
18667196467
18667317705
18667810112
18668083938
18668177056
18668268026
18668337090
18668566272
18668600037
18668637060
18668804412
18698568511
18698573233
13060230504
13220357060
13274052069
15696839152
17602370536
17623099524
17623256867
18502360856
18523011444
18523077477
18523100866
18523102330
18523161612
18523232426
18523503422
18523551059
18523686913
18523959699
18523978156
18580919425
18581367631
18581388250
18581393829
18584514890
18584635563
18623047770
18623407475
18680774790
18680883515
18680883968
18696617867
18696728941
13001386387
13001389978
13002112363
13002121638
13002173373
13003188178
13004111197
13005590936
13005655721
13005775380
13006251111
13006681183
13006704817
13006713163
13006719072
13006719493
13006723551
13006725385
13006726036
13006726579
13006727349
13006727619
13006730937
13006731563
13006732779
13006734819
13006734853
13006735152
13006735259
13006736441
13006736848
13006737074
13006737695
13006738464
13006739734
13006752021
13006752224
13006752949
13006755764
13006757418
13006759585
13006761051
13006761746
13006761805
13006765429
13006765814
13006765821
13006767568
13006775679
13006776557
13006783335
13006879537
13008488961
13008547398
13008801880
13009614657
13015300118
13016020290
13016026705
13016044930
13016600725
13016602430
13016604053
13016608251
13016613495
13016614439
13016619465
13016620302
13016624518
13016845699
13018452659
13018522274
13018522704
13018524417
13018524484
13018524568
13018526713
13018526974
13018527435
13018530664
13018530794
13018531049
13018531754
13018532414
13018532506
13018532931
13018533087
13018534143
13018534158
13018537347
13018537473
13018537884
13018550024
13018553374
13018555041
13018564161
13018565276
13018565380
13018568881
13018694342
13018728138
13020386668
13022139279
13022865058
13022903070
13022953163
13023131085
13023135089
13025234230
13025366240
13025683821
13026206219
13026609591
13026702624
13026709221
13026709612
13026711953
13026712004
13026714215
13026714648
13026716413
13026722394
13026730346
13026734054
13026760571
13026764435
13026766040
13026767242
13026773334
13026774176
13026844823
13026888987
13027918670
13028501897
13028759370
13030111540
13030286533
13030460177
13030484545
13030599525
13031379310
13031387713
13031391680
13034340273
13034732392
13035843815
13036021626
13036033602
13036071087
13037062533
13037075123
13038870837
13038898176
13039456042
13039465867
13040525886
13040859343
13040859888
13042024959
13046270838
13046548684
13046685089
13047012468
13047073846
13047075524
13048068469
13048086178
13048211073
13048692054
13048724408
13048759511
13048919272
13049106594
13049108934
13049111284
13049170740
13049174478
13049176424
13049182462
13049184032
13049184596
13049184656
13049184849
13049185461
13049188314
13049188841
13049189423
13049194505
13049194536
13049194562
13049194665
13049198143
13049282919
13049627465
13049650142
13049784470
13052361852
13052976836
13058003839
13058121095
13058306350
13058307743
13058310358
13058311067
13058314171
13058315081
13058315181
13058315661
13058315730
13058326157
13058326163
13058334102
13058476166
13058500085
13059326835
13059457776
13059581959
13060661713
13060754173
13060758169
13060758263
13060758848
13060759831
13060760470
13060762427
13060762454
13060765423
13060765841
13060766953
13060767762
13060767836
13060768331
13060769398
13060770006
13060770376
13060781318
13060790986
13060792075
13060793976
13060858556
13061764962
13061767480
13061860960
13061981269
13061989254
13063607896
13063791482
13066174915
13066278128
13066445874
13066456314
13066487442
13066487476
13066497461
13066949079
13068604162
13068604284
13068607310
13068612923
13068613474
13068621786
13068637105
13068637985
13068647346
13068648808
13068651294
13068654441
13068676482
13068677054
13068677496
13068680071
13068686265
13068692739
13068693331
13068706083
13068839763
13068879276
13070363415
13070390306
13070487946
13072069381
13072252211
13074237403
13076323221
13076603079
13076824036
13077444595
13077445483
13077494037
13077494691
13077498401
13077498429
13077818250
13078115550
13078115557
13078120117
13078130641
13078133242
13078140194
13078144440
13078170571
13078174282
13078175882
13078177293
13078181573
13078182945
13078183406
13078189504
13078190006
13078197729
13078198294
13078285515
13078403784
13078412764
13078415734
13078417442
13078424272
13078424375
13078427174
13078428403
13078428642
13078429428
13078429764
13078436438
13078438140
13078440594
13078440824
13078441240
13078441442
13078444103
13078454228
13078457146
13078457264
13078459141
13078464801
13078464821
13078473343
13078475473
13078482684
13078483469
13078483642
13078484090
13078487436
13078491540
13078494090
13078494317
13078494358
13078494359
13078494383
13078494739
13078494832
13078494974
13078560271
13078909798
13079936887
13079965727
13080309422
13083578333
13087565681
13088734164
13088881940
13088888471
13088891941
13088988849
13094008282
13094021503
13094064736
13094070767
13095016696
13095043664
13095177117
13096581752
13096624510
13096638825
13096779822
13096929164
13100072021
13102034139
13102069644
13102079150
13102192093
13102250081
13102253782
13103596355
13104876181
13104991619
13104992368
13106574874
13106576446
13106576829
13106577552
13106579574
13106579575
13106579770
13106579939
13106580162
13106581145
13106582425
13106583996
13106584039
13106584090
13106584112
13106584135
13106584180
13106584552
13106584574
13106584756
13106585069
13106585425
13106585445
13106585582
13106585640
13106585737
13106585739
13106585773
13106592832
13106592874
13106593045
13106593070
13106593150
13106593164
13106593248
13106593583
13106593626
13106593718
13106593839
13106593858
13106594339
13106594395
13106594629
13106594841
13106594867
13106595281
13106595297
13106595312
13106595392
13106595398
13106595427
13106595479
13106595487
13106595613
13106595631
13106595827
13106595908
13106595929
13106595971
13106596039
13106596081
13106596190
13106596218
13106596312
13106596440
13106596692
13106598398
13106598756
13106599374
13106599483
13106653480
13106653898
13106654024
13106654025
13106654062
13106654081
13106654124
13106654170
13106654183
13106654243
13106654246
13106654273
13106654317
13106654363
13106654370
13106654376
13106654597
13106654770
13106654779
13106654782
13106654890
13106655171
13106655258
13106655289
13106655364
13106655375
13106655391
13106655402
13106655575
13106655712
13106655864
13106657292
13106657320
13106658327
13106658426
13106658866
13106659120
13106659270
13106659306
13106659934
13106660052
13106660391
13106660450
13106660534
13106660596
13106661053
13106661085
13106661171
13106662582
13106662592
13106662606
13106662671
13106662836
13106663031
13106663361
13106663983
13106669073
13106670460
13106674474
13106674995
13106675138
13106675168
13106675201
13106675275
13106675335
13106675408
13106675435
13106675560
13106675604
13106675668
13106675705
13106675709
13106675743
13106675759
13106676101
13106676145
13106676154
13106676263
13106676581
13106676968
13106676975
13106677005
13106677036
13106677057
13106677059
13106677061
13106677076
13106677093
13106677130
13106677145
13106677167
13106677172
13106677227
13106677239
13106677249
13106677251
13106677271
13106677274
13106677294
13106677302
13106677316
13106677318
13106677324
13106677331
13106677337
13106677351
13106677378
13106677407
13106677425
13106677441
13106677445
13106677561
13106677564
13106677569
13106677583
13106677593
13106677623
13106677646
13106677654
13106677683
13106677685
13106677731
13106677756
13106677793
13106677857
13106677926
13106678741
13106680059
13106680344
13106680802
13106680824
13106680854
13106680869
13106680874
13106680940
13106681203
13106681289
13106681548
13106681550
13106681594
13106681632
13106681654
13106681670
13106684987
13106685827
13106687113
13106689286
13106700596
13106701519
13106702717
13106703956
13106705061
13106705081
13106705324
13106705485
13106707390
13106709392
13106709508
13106709515
13106709518
13106709545
13106709574
13106709581
13106709612
13106709768
13106711243
13106711379
13106713670
13106713913
13106714401
13106714576
13106714831
13106714870
13106714982
13106715071
13106715406
13106715807
13106723708
13106727753
13106729982
13106742326
13106743315
13106744806
13106747340
13106748782
13106748907
13106750492
13106752546
13106755295
13106755447
13106757083
13106760013
13106760513
13106763035
13106765271
13109028271
13109041082
13109306598
13109905292
13109910231
13109913469
13110306311
13110392222
13111253366
13111270693
13112167098
13112703892
13112705995
13112708992
13112709904
13112712559
13112712947
13112717384
13112731724
13112732471
13112739003
13112744771
13112746785
13112749078
13112749987
13112750649
13112750695
13112751106
13112751373
13112752414
13112759657
13112761174
13112767278
13112773563
13112779952
13112791765
13112794430
13112958972
13113105702
13113123789
13113228757
13113272653
13113313318
13113712152
13113714302
13113714913
13113717277
13113721346
13113724001
13113724978
13113726473
13113726520
13113730293
13113736057
13113737062
13113737304
13113740028
13113740106
13113740729
13113740854
13113743476
13113743673
13113744321
13113745449
13113748058
13113751570
13113751571
13113757807
13113759240
13113759382
13113762421
13113763476
13113765339
13113765547
13113775103
13113783947
13113784139
13113785921
13113785943
13113789410
13113789578
13113793973
13113794838
13116063139
13116339870
13118803593
13118806067
13118806090
13118808543
13118809372
13118812207
13118812442
13118812554
13118812772
13118814828
13118819143
13118822430
13118824254
13118826627
13118829810
13118829989
13118831862
13118831883
13118832247
13118834404
13118834462
13118838583
13118839718
13118839960
13118841794
13118842038
13118842247
13118842278
13118842337
13118842534
13118842758
13118842765
13118842921
13118843184
13118843428
13118843507
13118843654
13118843906
13118844686
13118844692
13118845843
13118846193
13118847981
13118848016
13118848356
13118848409
13118848432
13118848708
13118848785
13118849173
13118849478
13118849506
13118849521
13118850069
13118850361
13118851221
13118851325
13118852998
13118855583
13118859298
13118859747
13118859792
13118866405
13118866544
13118867865
13118874575
13118875654
13118879937
13118881887
13118884521
13118887476
13118889170
13118890034
13118890212
13118893470
13118893519
13118896837
13118897101
13119157929
13119222222
13119379615
13119543770
13119850717
13119853889
13119853912
13119855364
13119856049
13119856726
13119858097
13119859941
13119859958
13119861537
13119862963
13119863985
13119869378
13119869941
13119871534
13119871973
13119873809
13119875671
13119876815
13119878061
13119879492
13119886747
13119890052
13119896548
13119899380
13119899508
13119899625
13119899939
13119930225
13120559302
13120695798
13120702626
13122028688
13122043665
13122255338
13122272881
13122408336
13122423060
13122511690
13122866889
13124932020
13125322702
13126035463
13126219121
13126443074
13127946270
13127993125
13128206003
13128679022
13128968738
13128979007
13129000763
13129002638
13129003027
13129004917
13129007615
13129009413
13129009604
13129011837
13129012256
13129014279
13129014524
13129019210
13129020305
13129020407
13129020893
13129022962
13129028112
13129029951
13129034282
13129036438
13129036752
13129038630
13129039534
13129039703
13129041005
13129041102
13129043132
13129043271
13129043362
13129046580
13129047741
13129047839
13129049571
13129053667
13129053850
13129054173
13129054223
13129059172
13129059950
13129060765
13129064873
13129065350
13129066726
13129068372
13129069935
13129070304
13129070531
13129071936
13129072260
13129073328
13129074771
13129074987
13129076568
13129076971
13129077790
13129077795
13129078606
13129080691
13129081161
13129082281
13129082347
13129085582
13129086748
13129088332
13129089680
13129090228
13129094196
13129094273
13129095767
13129097818
13129099562
13129100060
13129100656
13129100958
13129102129
13129105715
13129106302
13129107545
13129108112
13129108904
13129112097
13129114746
13129114852
13129116141
13129117553
13129118638
13129121568
13129122943
13129124257
13129126818
13129126934
13129129174
13129129429
13129129919
13129130569
13129131696
13129135889
13129136003
13129137875
13129139178
13129139826
13129140756
13129143254
13129144405
13129144720
13129144750
13129144971
13129145761
13129145796
13129145837
13129145842
13129145892
13129145928
13129145982
13129145987
13129145994
13129145997
13129146026
13129146047
13129146070
13129146093
13129146101
13129146125
13129146194
13129147258
13129147269
13129147291
13129147396
13129147404
13129147421
13129147426
13129147501
13129151018
13129154351
13129155283
13129160059
13129163201
13129164576
13129165332
13129166848
13129168618
13129169024
13129171623
13129172447
13129173401
13129173714
13129174184
13129176084
13129178332
13129178954
13129179913
13129183286
13129184851
13129187054
13129189506
13129189967
13129190271
13129193125
13129193365
13129194854
13129196830
13129197028
13129199361
13129210109
13129255051
13129279268
13129527354
13129778736
13129778870
13132040257
13132042345
13132073170
13132207262
13132577803
13133195473
13133354668
13133805251
13133831953
13138210110
13138212765
13138215070
13138216207
13138217285
13138217464
13138217598
13138217886
13138221334
13138221424
13138225651
13138229686
13138229909
13138229941
13138233884
13138237680
13138238893
13138246214
13138248761
13138250178
13138255090
13138256243
13138257493
13138258543
13138262235
13138262363
13138263654
13138267031
13138270132
13138270245
13138271336
13138273157
13138276173
13138277903
13138279926
13138279937
13138279986
13138280037
13138280084
13138282753
13138285781
13138285997
13138287332
13138287489
13138288424
13138291309
13138291967
13138298480
13138310402
13138524659
13138793465
13138834965
13138839885
13139802329
13139828907
13139990269
13142421999
13142433226
13143056259
13143164396
13143165612
13143167669
13143167715
13143171448
13143175483
13143176104
13143178314
13143179590
13143181593
13143192453
13143193095
13143193657
13143195776
13143195840
13143197017
13143197223
13143199618
13143199635
13143342894
13143546139
13143560921
13143562032
13143563416
13143565664
13143568279
13143570986
13143572576
13143574894
13143575307
13143584917
13143587100
13143590043
13143592498
13143596342
13143597030
13143731248
13144087665
13144088111
13144115519
13144116035
13144119281
13144120072
13144124923
13144124940
13144130876
13144130969
13144131028
13144133887
13144137236
13144148028
13144148163
13144149703
13144149952
13144444683
13144705321
13144706875
13144708154
13144708250
13144712365
13144713257
13144713351
13144713839
13144716315
13144719585
13144721062
13144722325
13144727326
13144727328
13144727430
13144731193
13144733876
13144734598
13144736545
13144740273
13144743226
13144746941
13145992747
13147068269
13147078236
13148110115
13148659756
13149349977
13150055107
13150206560
13150328266
13150337993
13150374027
13150413005
13150428349
13152179920
13152437128
13152496361
13158222139
13160554843
13160557449
13160619256
13160883970
13160906893
13160908387
13160908626
13160909208
13160912347
13160913496
13160914029
13160914052
13160917660
13160919889
13160919978
13160921008
13160922876
13160923531
13160926342
13160926657
13160927119
13160931582
13160931618
13160931840
13160932268
13160932857
13160934237
13160934840
13160937935
13160938923
13160939717
13160939985
13160941161
13160941375
13160941669
13160942130
13160943243
13160944103
13160949676
13160953886
13160958952
13160960389
13160962903
13160964208
13160965124
13160966189
13160967317
13160967716
13160969228
13160969606
13160975953
13160976814
13160976864
13160976992
13160980034
13160983129
13160984663
13160985876
13160986514
13160988587
13160990045
13160990067
13160991876
13160993654
13162256162
13162328338
13162841371
13162893191
13163016890
13163749523
13163791661
13164061490
13166118808
13167078085
13167216302
13168044564
13168424442
13168532303
13168535916
13168536802
13168537853
13168538068
13168538930
13168541349
13168543015
13168544205
13168545747
13168547356
13168552742
13168553002
13168553114
13168556349
13168558075
13168559530
13168561784
13168563429
13168563818
13168564047
13168567429
13168568995
13168570013
13168575845
13168576108
13168576557
13168578390
13168580097
13168582101
13168582849
13168583142
13168584492
13168587652
13168590137
13168592459
13168592809
13168595654
13168598492
13168599575
13168599748
13168864291
13168889225
13168947785
13169183357
13169201735
13169496985
13169518190
13169568678
13169700062
13169700408
13169700498
13169701085
13169701192
13169701235
13169702382
13169702617
13169703108
13169703354
13169704059
13169704105
13169704153
13169704230
13169704875
13169705094
13169705202
13169705651
13169706018
13169706070
13169707147
13169707257
13169707518
13169707568
13169707875
13169708070
13169708150
13169708695
13169708910
13169709542
13169709572
13169709660
13169709726
13169709848
13169709901
13169710817
13169711832
13169712119
13169712724
13169712761
13169713156
13169713271
13169713414
13169713686
13169713995
13169714297
13169714906
13169715210
13169715642
13169715737
13169717073
13169719918
13169723060
13169725281
13169727217
13169958527
13169961378
13169962639
13169965396
13169966406
13169974150
13169976987
13169980368
13169983124
13169985289
13169985828
13169996824
13169998227
13170883391
13172208368
13172310446
13172311916
13172320916
13172321528
13172323583
13172326551
13172327053
13172330548
13172342845
13172349615
13172353387
13172364146
13172372293
13172376693
13172385457
13172391059
13172391957
13172394210
13172396001
13172396015
13172650297
13172814683
13172927528
13172939252
13177865095
13177899061
13178500725
13178502795
13178504609
13178504716
13178506286
13178510236
13178511953
13178512171
13178515129
13178516143
13178516502
13178517308
13178518305
13178520159
13178521571
13178522907
13178524658
13178525118
13178525381
13178526676
13178526930
13178526989
13178527072
13178527371
13178527653
13178527869
13178528119
13178529401
13178530663
13178532893
13178532932
13178533387
13178533616
13178535923
13178537521
13178542013
13178542136
13178544765
13178715689
13178920179
13178976202
13182663868
13184555515
13189361010
13189601907
13189605781
13189606073
13189607726
13189608562
13189611559
13189613890
13189615762
13189615885
13189616779
13189619501
13189620752
13189622581
13189623341
13189625223
13189629162
13189630816
13189630895
13189632738
13189632938
13189648543
13189650596
13189650617
13189651918
13189655082
13189657680
13189658951
13189661409
13189661973
13189662790
13189665616
13189665652
13189665997
13189667129
13189667180
13189667321
13189667581
13189669512
13189670625
13189670962
13189674081
13189675478
13189675692
13189679761
13189679813
13189680023
13189684661
13189685580
13189686917
13189689783
13189696937
13189699454
13189911501
13189925581
13190608654
13191401977
13192007272
13192009142
13192018298
13192057349
13192651648
13192653182
13192654552
13192655690
13192657005
13192658185
13192660180
13192661038
13192661637
13192661778
13192663143
13192664020
13192668550
13192669110
13192673432
13192678343
13192681990
13192682610
13192683184
13192683515
13192685116
13192685238
13192687240
13192687796
13192688139
13192693738
13192693982
13192696504
13192697057
13192698316
13192698721
13192699074
13192770059
13192824798
13193331570
13195955531
13195979080
13196595962
13197880102
13197916702
13198967493
13199838307
13199974882
13201075289
13201089150
13201116211
13201183559
13201223118
13201241771
13201258213
13201258970
13201265770
13201290768
13201307867
13201371643
13201373402
13201718687
13202021204
13202028897
13202040720
13202053113
13202244237
13202341256
13202351524
13202353048
13202354218
13202356023
13202360249
13202362709
13202363250
13202363506
13202363690
13202364815
13202365242
13202366261
13202366436
13202367310
13202367836
13202367923
13202368664
13202368839
13202369023
13202370314
13202371462
13202374937
13202375872
13202384484
13202385893
13202386580
13202386764
13202387552
13202390926
13202391298
13202391470
13202391976
13202392198
13202392492
13202395034
13202396674
13202397464
13202397498
13202404132
13202405155
13202416775
13202431431
13202434203
13202439349
13202446326
13202454261
13202459783
13202464583
13202467835
13202470274
13202478664
13202496757
13202498740
13202801134
13202802042
13202804454
13202804654
13202804673
13202809541
13202811209
13202811233
13202811607
13202812587
13202812915
13202813168
13202813808
13202815470
13202815857
13202819319
13202820265
13202820903
13202822531
13202822735
13202823496
13202824060
13202826896
13202828524
13202829037
13202829418
13202836236
13202838302
13202839697
13202843238
13202850650
13202851863
13202852208
13202853440
13202854272
13202854437
13202854518
13202854643
13202854850
13202858373
13202860489
13202860737
13202861291
13202861704
13202865875
13202871746
13202873392
13202873436
13202873880
13202876323
13202878784
13202891523
13202894389
13202894671
13202896853
13202897316
13202898343
13202898361
13202898640
13202898970
13202899410
13202901120
13202901932
13202902398
13202902560
13202903797
13202904689
13202904904
13202905907
13202906238
13202906413
13202910913
13202911259
13202917772
13202918323
13202918768
13202919019
13202920442
13202922052
13202922105
13202923356
13202924607
13202924938
13202925054
13202926637
13202926902
13202926917
13202927454
13202927681
13202927840
13202928521
13202928594
13202929087
13202931062
13202931693
13202932534
13202933102
13202933313
13202934091
13202935015
13202936594
13202944927
13202949829
13202953581
13202957196
13202958106
13202960218
13202962343
13202970946
13202973417
13202974598
13202974956
13202976196
13202977826
13202978407
13202982314
13202982563
13202982739
13202985048
13202987383
13202989135
13202989704
13202991469
13202992976
13202994904
13202995983
13202996582
13203560556
13203596208
13205293956
13207656912
13207688786
13208510416
13208518014
13208907528
13209024368
13209895666
13211130871
13211131046
13211131894
13211133190
13211134431
13211135107
13211137248
13211137451
13211139753
13211145596
13211150738
13211151893
13211152154
13211154402
13211155342
13211158449
13211159045
13211159338
13211159840
13211163974
13211166545
13211167596
13211168405
13211168526
13211168768
13211168991
13211172497
13211174128
13211174975
13211175274
13211175440
13211175860
13211178017
13211178331
13211178401
13211179480
13211180174
13211181408
13211187437
13211187954
13211188291
13211188430
13211188756
13211188832
13211189968
13211193261
13211195492
13211196237
13211199219
13212010073
13212160644
13212262367
13214044668
13214912433
13215170111
13215749649
13215862991
13217573761
13217576135
13217577740
13217578094
13217579651
13217579918
13217637279
13217648637
13217652995
13217653358
13217654630
13217656639
13217656916
13217658368
13217658671
13217666689
13218283456
13218285673
13218898343
13220495896
13226246500
13226700047
13226700642
13226701242
13226701352
13226702778
13226704204
13226707460
13226707749
13226707830
13226708582
13226712657
13226713642
13226713778
13226714745
13226714924
13226717887
13226721469
13226723452
13226724146
13226725857
13226728073
13226729110
13226730320
13226731631
13226733556
13226736553
13226736685
13226962863
13226963274
13226963329
13226963362
13226963907
13226966026
13226966584
13226967264
13226967365
13226967443
13226967532
13226967580
13226968813
13226969127
13226970274
13226971268
13226972364
13226974641
13226975992
13226977972
13226979208
13226980278
13226980615
13226981156
13226981975
13226985543
13226989472
13226990512
13226991528
13226992585
13226992865
13226994626
13226994878
13226995064
13226995167
13226997412
13226997504
13226998336
13226998428
13226998892
13226998914
13226999194
13226999603
13227093575
13228080241
13228949067
13229200429
13229201550
13229201589
13229205221
13229206276
13229208073
13229208967
13229210153
13229210213
13229210421
13229210452
13229210461
13229211374
13229211761
13229213287
13229213715
13229214251
13229214467
13229214514
13229214516
13229214586
13229215385
13229216576
13229219095
13229219605
13229220253
13229221174
13229221614
13229221723
13229222179
13229224129
13229225645
13229226792
13229226829
13229226937
13229227116
13229230512
13229230920
13229230970
13229231031
13229231478
13229231764
13229232773
13229232981
13229234754
13229234873
13229236882
13229237015
13229237538
13229237802
13229238583
13229238785
13229247712
13229248310
13229249830
13229250645
13229251203
13229252614
13229253016
13229253605
13229256680
13229257279
13229257290
13229259294
13229259351
13229260551
13229261585
13229262493
13229262994
13229264371
13229267561
13229268309
13229268954
13229270338
13229271846
13229272549
13229273170
13229273690
13229273714
13229274386
13229274686
13229274898
13229275275
13229275657
13229276690
13229276878
13229276883
13229277358
13229278868
13229280895
13229281164
13229282740
13229283197
13229283243
13229283761
13229284554
13229285036
13229287342
13229287692
13229289650
13229289674
13229289706
13229290250
13229290439
13229291046
13229291546
13229291714
13229291973
13229294112
13229294382
13229295405
13229295478
13229297290
13229297376
13229298094
13229298659
13229298993
13229299195
13229299554
13229834684
13232116603
13232255521
13232637654
13232904876
13232966618
13233255312
13233367556
13233482551
13233698728
13235143584
13236158583
13239007232
13239041777
13239106251
13239286899
13239561117
13239684024
13239770224
13239886983
13239932880
13239992285
13239999427
13242030538
13242100376
13242102686
13242107559
13242127364
13242127510
13242133086
13242148289
13242340251
13242347131
13242453445
13242453793
13242455334
13242820706
13242887667
13242973500
13244813836
13244835164
13244838665
13244858572
13246200340
13246201293
13246202637
13246205571
13246208410
13246209004
13246211703
13246212476
13246212824
13246213730
13246215716
13246216624
13246222808
13246226287
13246227767
13246231041
13246232110
13246232592
13246236402
13246239881
13246246854
13246247381
13246248694
13246254081
13246254803
13246254860
13246255506
13246261250
13246263270
13246264075
13246267310
13246269912
13246273273
13246274457
13246276194
13246278714
13246280746
13246282906
13246284126
13246284958
13246285564
13246291859
13246295725
13246298014
13246299149
13246299832
13246301836
13246302584
13246303118
13246306675
13246324373
13246333084
13246340446
13246343941
13246346915
13246520992
13246540574
13246542549
13246544336
13246547191
13246548084
13246548660
13246551909
13246552240
13246555289
13246557760
13246558287
13246558802
13246700124
13246786190
13246877364
13247509338
13247711967
13248198834
13248221205
13249209839
13249212403
13249216481
13249216774
13249217469
13249218039
13249219063
13249220229
13249228778
13249231150
13249231317
13249233208
13249235290
13249239615
13249240159
13249240329
13249243684
13249243914
13249250139
13249250756
13249254291
13249259461
13249260336
13249264361
13249264393
13249264505
13249265117
13249265705
13249267031
13249267212
13249267290
13249268435
13249270908
13249271627
13249273668
13249274096
13249274271
13249276598
13249277050
13249277053
13249277402
13249278034
13249278941
13249280436
13249280618
13249282737
13249283742
13249285190
13249286108
13249294842
13249402142
13249409939
13249421930
13249865946
13249875552
13250016492
13250105960
13250108458
13250109108
13250110184
13250110408
13250110912
13250111735
13250114394
13250116809
13250117207
13250117638
13250118669
13250119193
13250121716
13250121834
13250122418
13250122630
13250122654
13250122886
13250123089
13250125430
13250126705
13250126825
13250127026
13250127687
13250128539
13250130663
13250131493
13250135024
13250135225
13250136150
13250136656
13250139073
13250139448
13250139924
13250140846
13250149134
13250150201
13250352017
13250352658
13250353089
13250354221
13250354821
13250355041
13250355220
13250359030
13250359943
13250360878
13250362531
13250366798
13250367743
13250371139
13250371858
13250373723
13250375634
13250376880
13250378263
13250378917
13250381543
13250382059
13250382131
13250383730
13250384965
13250404099
13250466751
13250680632
13257539608
13257570775
13257571562
13257574052
13257577320
13257579365
13259496128
13259907550
13262835963
13265020371
13265023909
13265086531
13265096771
13265141411
13265160516
13265201633
13265220326
13265261606
13265324308
13265330540
13265681422
13265979846
13265986900
13266068792
13266220877
13266265240
13266300654
13266301180
13266301410
13266301642
13266301763
13266305010
13266305269
13266307476
13266307654
13266308039
13266309802
13266310346
13266311467
13266313251
13266314413
13266316337
13266318425
13266320589
13266321571
13266322063
13266324778
13266325013
13266327349
13266329586
13266330243
13266331905
13266333658
13266333856
13266335924
13266339918
13266339939
13266340843
13266350182
13266351564
13266351686
13266352582
13266353391
13266354659
13266355773
13266356428
13266357702
13266358705
13266359526
13266361293
13266361898
13266363065
13266365676
13266365990
13266369521
13266372047
13266372207
13266372967
13266373221
13266373692
13266374392
13266374676
13266374874
13266375118
13266376862
13266378083
13266378370
13266378629
13266378730
13266378770
13266379221
13266380409
13266381369
13266381928
13266382224
13266382427
13266383132
13266383302
13266383776
13266385110
13266385918
13266386004
13266386005
13266386063
13266386119
13266386673
13266386721
13266388083
13266388160
13266388467
13266388636
13266389382
13266389739
13266390868
13266391502
13266391813
13266392254
13266393720
13266393967
13266395387
13266396175
13266396304
13266396414
13266396654
13266396770
13266396889
13266397267
13266397774
13266397885
13266398980
13266610678
13266658271
13266665513
13266702032
13267002300
13267294139
13267911918
13268313754
13268523095
13268989535
13269943445
13270666998
13270670640
13279069910
13279087610
13279951029
13286661318
13288157851
13288200064
13288200151
13288200287
13288200584
13288201090
13288201180
13288203406
13288203841
13288204017
13288205845
13288205929
13288207194
13288207431
13288207952
13288208828
13288209119
13288209404
13288210926
13288213029
13288213160
13288213495
13288213534
13288213891
13288215172
13288215570
13288215636
13288215971
13288216557
13288216745
13288216941
13288217156
13288219768
13288221185
13288221235
13288224043
13288225914
13288226146
13288226947
13288227008
13288227969
13288231594
13288231914
13288233664
13288234504
13288235184
13288235720
13288236487
13288239619
13288244408
13288250156
13288254006
13288254490
13288254689
13288255531
13288255665
13288256624
13288257139
13288259458
13288259631
13288259807
13288260964
13288261583
13288262562
13288265876
13288266048
13288266459
13288267105
13288267126
13288267578
13288267727
13288267873
13288267876
13288267982
13288268251
13288268271
13288268342
13288269390
13288270380
13288270560
13288271061
13288271787
13288273824
13288274102
13288274280
13288275693
13288276179
13288276286
13288276997
13288277403
13288279015
13288279575
13288290848
13288291513
13288291539
13288291628
13288292413
13288292680
13288294165
13288294320
13288294870
13288295381
13288295436
13288296485
13288298116
13288298623
13288299378
13288299461
13288299608
13288299821
13288300824
13288301704
13288303876
13288304290
13288304405
13288304592
13288305265
13288305625
13288305649
13288306106
13288307385
13288308335
13288308985
13288310268
13288310697
13288311214
13288311304
13288312943
13288313353
13288313962
13288314016
13288314864
13288315306
13288315735
13288316089
13288316170
13288317134
13288317309
13288317586
13288317687
13288317808
13288319546
13288330110
13288331367
13288332054
13288332436
13288333015
13288333413
13288333695
13288333725
13288334163
13288334479
13288336236
13288336305
13288336326
13288336546
13288337768
13288337994
13288338732
13288338876
13288339067
13288339728
13288340864
13288350091
13288350370
13288353385
13288353771
13288354171
13288354217
13288354351
13288354859
13288359068
13288359636
13288359948
13288360386
13288360708
13288361525
13288362192
13288364754
13288366107
13288366160
13288366174
13288367050
13288368718
13288369589
13288372304
13288372360
13288372640
13288373315
13288373479
13288376504
13288377009
13288377557
13288378315
13288381765
13288382381
13288383298
13288384037
13288385108
13288385375
13288388772
13288411390
13288426145
13288438810
13288441940
13288443545
13288949018
13289033719
13289338888
13289346825
13289835070
13291116655
13291338896
13293658444
13294725360
13298926967
13299047275
13512851835
13662112011
13987452331
15500953662
15500973978
15501677739
15501709306
15502081717
15502110713
15502216408
15502250539
15503426833
15505167337
15506232951
15508904037
15509075015
15509216036
15509383230
15510898805
15513191456
15519414879
15519690007
15521000436
15521215309
15521389367
15521450917
15521496719
15521661270
15521878542
15522070882
15522096745
15522221459
15522226837
15522318602
15522510107
15522992034
15525036118
15525671671
15525729456
15529053213
15534399123
15534708558
15534868790
15534902866
15534983163
15535690765
15536556656
15547622139
15547675279
15559233118
15559241509
15559253132
15559256500
15559303899
15559323388
15559330607
15559346926
15559353939
15559365899
15559366073
15560486602
15560728222
15561112232
15569006113
15569072998
15569186898
15569239707
15569274014
15569381702
15569423866
15569503077
15569550629
15569721795
15579186807
15579768678
15581813330
15581936057
15582663980
15582670666
15591229369
15591271115
15591388090
15591455209
15591842892
15591978936
15592761016
15593018130
15593338659
15593974450
15594202333
15595159188
15595880379
15595962746
15597895577
15598170088
15598596180
15599646348
15599648082
15599650793
15599680602
15599693225
15599738769
15599824222
15599892176
15599897920
15601640311
15601646678
15601656365
15601778255
15601803317
15601852116
15602084082
15602198134
15602237253
15602239929
15602519921
15603448099
15603568723
15605181013
15607525882
15607616183
15607696743
15607900206
15608523366
15608958876
15609135519
15609987958
15618005991
15618190075
15618237697
15618328080
15618394225
15618500432
15618560968
15618758128
15618788381
15618853103
15618872290
15618966617
15618990871
15619522167
15620008133
15620066892
15620107273
15620135038
15620212233
15620310686
15620514918
15620597992
15620686862
15620702006
15620853051
15622175962
15622344682
15622663646
15622752462
15622799400
15622885114
15625006953
15625519582
15625572350
15625764339
15625851552
15625893558
15626434351
15626502639
15626521875
15626868023
15626917525
15627067398
15627399835
15627707200
15628121158
15628122252
15628123416
15628136433
15628163766
15628288386
15635152433
15635576559
15647132943
15647573062
15648127195
15648582229
15648747914
15651529888
15651986321
15661282932
15667303712
15667309320
15667925586
15679257248
15682633301
15682633626
15682651293
15682782549
15682787325
15682957841
15682967649
15685196891
15685252002
15685404498
15685603581
15686279771
15686321179
15688323329
15688327280
15688375561
15691551234
15691592982
15691605007
15692150595
15692279509
15692499274
15692538479
15693281101
15693386002
15693943999
15695006081
15697669438
15698392142
15699004707
15699025634
15699123621
15699126823
15699166516
15699168011
15699211647
15699222628
15699283857
15699499326
17502021412
17502120715
17502131377
17502536189
17502967739
17503025882
17503097177
17503466296
17507043798
17507524805
17507546178
17507563027
17507580168
17507610135
17507611694
17508562856
17509350936
17512503378
17520061158
17520157925
17520217007
17520218886
17520307881
17520610328
17520669968
17551002287
17585117871
17585153920
17585181153
17585247828
17585278865
17585285902
17585412251
17585678652
17585681493
17601204847
17601225883
17601253270
17601294835
17601345784
17601418259
17601439225
17601448818
17601477661
17601494280
17601526298
17601529413
17602005311
17602046055
17602048072
17602087705
17602092199
17602101129
17602109193
17602151602
17602183858
17602193801
17602206476
17602556189
17602615779
17602634809
17602660949
17602661398
17602689613
17603013700
17603031384
17603044207
17603077322
17603412642
17603526632
17605247043
17605248200
17605259595
17606108113
17606142318
17606189067
17606626862
17606637838
17606680078
17606694177
17606698277
17607025789
17607513921
17607518484
17607520692
17607549566
17607588392
17607924615
17607946414
17608518695
17608594806
17608906831
17608925866
17608931709
17608997137
17609020349
17609108325
17609262993
17609320327
17609355618
17609372556
17609383212
17609383471
17609393817
17609406891
17609428580
17609525911
17609546807
17609932515
17609939998
17609945003
17609966747
17609972599
17612141984
17612156320
17612159752
17612199210
17612201804
17612258579
17612938386
17614765764
17614813626
17614893714
17620006898
17620017830
17620019363
17620028914
17620032533
17620058113
17620058232
17620078397
17620110673
17620115388
17620157832
17620189632
17620195710
17620307355
17620425490
17620440041
17620450219
17620453656
17620471576
17620591449
17620595819
17620597965
17620633074
17620701486
17620724135
17620741653
17620847598
17620872017
17620912659
17620925378
17620944379
17620946171
17621080479
17621163525
17621278109
17625029730
17625060867
17625090802
17625169939
17625177331
17625187622
17625296241
17625306164
17625339053
17625355468
17625387331
17625451586
17625502374
17625512293
17625518907
17625835495
17625931664
17625936395
17625952350
17625963188
17626020461
17626021778
17626620618
17626630147
17626633475
17629064785
17629174044
17629220121
17629237580
17634064412
17634071650
17634118343
17634979874
17635341498
17635470553
17635534331
17635699896
17635707737
17635823080
17635837740
17635848793
17636475576
17647353084
17647359355
17647635997
17647638618
17648001431
17648002389
17665216473
17665244602
17665253066
17665281374
17665344233
17665349312
17665467326
17666201183
17666208174
17666392294
17666489304
17676176106
17676190629
17676191938
17676512804
17678030186
17678075334
17679017161
17679214956
17679220486
17679251516
17679333156
17679492742
17684028373
17684040445
17684048996
17684126078
17684132844
17684185748
17684749493
17684790982
17684858601
17685077643
17685079340
17685211238
17685229117
17685348201
17685370983
17687975463
17687992010
17688016086
17688039826
17688048800
17688049389
17688120262
17688129767
17688159625
17688199296
17688235709
17688339784
17688341011
17688343455
17688345127
17688345388
17688358198
17688361391
17688391009
17688395334
17688395535
17688407165
17688419812
17688458210
17688520507
17688532240
17688547591
17688549672
17688566045
17688602680
17688608200
17688611461
17688632496
17688659488
17688665380
17688669089
17688669580
17688685144
17688748497
17688763769
17688784577
17688791186
17688813065
17688841110
17688841692
17688848024
17688851136
17688866593
17688903177
17688905100
17688905299
17688913688
17688917900
17688920599
17688938285
17688940469
17688941335
17688946390
17688966161
17689508739
17689550422
17689709572
17689755455
17690013861
17690042252
17690171165
17690945081
17691000776
17691024106
17691051506
17691064283
17691137654
17693140110
17693182625
17693435683
17693447796
17693456036
17693472956
17693645908
17693664278
17695008563
17695029116
17695089014
17695240093
17695421783
17695426798
17695467060
17695500063
17695539134
17696042036
17696060466
17696098838
17696270228
17699070257
17699092580
17699100413
17699404829
17699407445
17699430858
18002160631
18162661085
18501455847
18501542409
18501655105
18501694199
18502078445
18502509774
18502951158
18503039192
18503054251
18503496543
18504728874
18504739955
18504797274
18505223439
18506662296
18507025535
18507517750
18507566569
18507991104
18508500830
18508534143
18508950946
18509106851
18509202067
18509204531
18509934034
18512099127
18512188803
18512207967
18512552900
18512599608
18516078630
18516290483
18516366967
18516506318
18516583641
18516583889
18516661986
18520049175
18520074776
18520098908
18520110914
18520138841
18520147501
18520158919
18520160641
18520337147
18520409496
18520543168
18520814301
18520832505
18520983831
18521353238
18521357183
18521359017
18521411969
18521794791
18522023205
18522057548
18522130190
18522283554
18522328319
18522658525
18522700493
18526086579
18526484927
18526508183
18526646574
18534113052
18534166167
18534471861
18535043732
18535149597
18535489458
18535490397
18535522552
18535527709
18535554316
18535802802
18535933855
18536016168
18536809723
18547111264
18547181082
18547293383
18547738289
18547828773
18548129438
18548183268
18550003757
18550047723
18550222677
18550223479
18550243898
18550325100
18550528634
18550549664
18550555974
18551066105
18551184974
18551207702
18551279648
18551310533
18551449959
18551557112
18551633935
18551662276
18551741110
18551755393
18551837038
18552133164
18552307479
18552811718
18565243964
18565595106
18565650970
18565765716
18565883853
18566008328
18566028973
18566162929
18566173485
18566176547
18566202697
18566341707
18566357517
18566428662
18566460301
18566504007
18566570686
18566653509
18566658859
18575066288
18575159938
18575181407
18575381409
18575404491
18575407828
18575575778
18575576720
18575691920
18575742305
18576022323
18576409778
18576442453
18576443696
18576519881
18576528302
18576571858
18576601253
18576602443
18576719423
18576781272
18576793132
18576819527
18578205125
18578220756
18578305716
18578418668
18578475110
18578776502
18580249025
18584461887
18585134609
18585220780
18585238990
18585288055
18585485685
18585584107
18585585307
18585708002
18585780099
18585783031
18585849812
18585866444
18586076592
18586176942
18586622003
18586808723
18586929401
18588405038
18588414254
18588567898
18588696432
18588765417
18589032274
18589067872
18589096856
18591054813
18591718642
18591742832
18591925575
18595123503
18595199551
18599037616
18599071958
18599079009
18599176511
18601434206
18601553178
18601555550
18601602606
18601768339
18602010133
18602023302
18602165039
18602173000
18602215918
18602240062
18602263827
18602503389
18602519082
18602558989
18602639970
18602994228
18603013478
18603021174
18603068576
18603513522
18603551275
18603562602
18603578252
18604761090
18605127432
18605142201
18605265675
18605269084
18605287010
18606135410
18606178826
18606197678
18607522555
18607544475
18607562194
18607643563
18607648481
18607664733
18607965621
18607976815
18607999506
18608511955
18608580518
18608972006
18608988726
18609154964
18609494125
18609985166
18611398615
18613006302
18613105956
18616227304
18616383356
18616387707
18616393391
18616531823
18616710912
18616794306
18616897794
18616963105
18616969453
18616981458
18616990075
18617010890
18617022726
18617032781
18617038761
18617054629
18617160015
18617190900
18620015798
18620016949
18620036262
18620051831
18620063872
18620075751
18620197409
18620258127
18620316825
18620373019
18620393287
18620536432
18620567070
18620694195
18620731317
18620772110
18620865066
18620878750
18621146790
18621178681
18621262040
18621277821
18621361662
18621514080
18621525313
18621532412
18621539052
18621576071
18621632816
18621663698
18621721160
18621724703
18622047873
18622050032
18622101640
18622143162
18622192800
18622207868
18622297117
18622302066
18622345385
18622346571
18622359731
18622487625
18622517627
18622590353
18622698865
18622745650
18622824675
18622912012
18622929290
18622951005
18625000786
18625039994
18625201675
18625245383
18625276909
18626055555
18626065864
18626241482
18626335712
18626407985
18628684434
18629099713
18629129260
18629150170
18629206672
18629206695
18629321905
18629410515
18629513553
18629523230
18629595068
18629663034
18629667182
18629693010
18630801463
18634281100
18634355952
18634372753
18634526891
18634540724
18634545876
18634677633
18634900753
18634901587
18635053567
18635102277
18635129184
18635145670
18635172918
18635310725
18635313185
18635446283
18635467227
18635530762
18635585994
18635648128
18635700111
18635761754
18635974139
18636210349
18636314285
18636323886
18636563940
18636643028
18636660598
18636689660
18636777347
18636812963
18636903885
18636958661
18636998507
18647211944
18647298729
18647373792
18647381114
18647400008
18647431255
18647474123
18647593640
18647744418
18647746990
18647864766
18647880944
18647921344
18648605009
18649010558
18649177362
18649189463
18651103285
18651216288
18651526765
18651655591
18651687820
18651693851
18651716901
18651787990
18651800720
18651803608
18651930282
18651939181
18652075295
18652128758
18652208136
18652436553
18652669187
18652740186
18652758602
18652803377
18652820696
18652904198
18652926714
18661003579
18661010518
18661016664
18661032797
18661101682
18661134657
18662009089
18662157787
18662200811
18662221253
18662270989
18662311826
18662339033
18662432628
18662438730
18662542095
18662603055
18662659849
18662698898
18662710387
18662724575
18662731331
18662759302
18662837240
18662891706
18664070007
18664117669
18664234976
18664299624
18664346470
18664359581
18664428154
18664430297
18664511152
18664601491
18664605156
18664607766
18664646702
18664764399
18664825156
18664835808
18665027161
18665058374
18665140121
18665164079
18665205395
18665305826
18665504247
18665600011
18665633957
18665818512
18665968503
18666013338
18666079076
18666088332
18666335618
18666355105
18666391068
18666409778
18666474838
18666535203
18666601840
18666626986
18666663784
18666688516
18666830360
18666875477
18666980113
18666981513
18666996705
18675018389
18675325701
18675511506
18675513732
18675533535
18675632056
18675756032
18675851041
18675974279
18676020074
18676067168
18676104648
18676183526
18676216228
18676234094
18676355195
18676355774
18676422720
18676432039
18676519369
18676657019
18676869335
18676882282
18676924737
18679091515
18679122469
18679747755
18679761975
18679772200
18679777075
18679863820
18679981151
18680090406
18680093869
18680193414
18680214028
18680310509
18680367030
18680555578
18680646658
18680671086
18681006213
18681011781
18681075118
18681449407
18681468071
18681482968
18681898986
18682021086
18682080700
18682089262
18682135695
18682178521
18682252676
18682257961
18682262551
18682405395
18682410092
18682445070
18684109319
18684162342
18684172177
18685111844
18685158630
18685305288
18685316648
18685330388
18685383127
18685579228
18685984676
18685992002
18686065425
18686128586
18686169002
18686188488
18688040870
18688072217
18688077017
18688111368
18688119181
18688123916
18688132232
18688177244
18688328886
18688359031
18688376527
18688404670
18688563600
18688643170
18688655936
18688690004
18688725062
18688782537
18688817973
18688855959
18688998068
18689006975
18689085204
18689247220
18689265900
18689282325
18689325883
18689426330
18689467870
18689477447
18689523625
18689669797
18689687866
18689737621
18689776606
18689812678
18689923535
18689952160
18690009054
18690135631
18690184023
18690186112
18690229689
18690270142
18690284091
18690291725
18690313962
18690329022
18690409209
18690507952
18690560817
18690706113
18690812121
18690824406
18690936793
18690947700
18691092648
18691688313
18691777856
18691811778
18691897110
18691957899
18693129661
18693266743
18693523771
18698436166
18699053951
18699072846
18699112173
18699156673
18699188698
18699206620
18699214560
18699302916
18699312191
18699326601
18699389086
18699510326
18699551007
18699656515
18699666757
18699790722
18699816424
18699820211
18699820728
18699852539
18699924225
18699944465
18699958593
18699963092
18699980121
18699980857
18699991266